,max,min,Date
0,18,9,2020-02-01
1,19,9,2020-02-02
2,18,9,2020-02-03
3,19,10,2020-02-04
4,21,11,2020-02-05
5,22,12,2020-02-06
6,19,15,2020-02-07
7,16,13,2020-02-08
8,15,11,2020-02-09
9,14,10,2020-02-10
10,18,10,2020-02-11
11,20,9,2020-02-12
12,24,10,2020-02-13
13,20,13,2020-02-14
14,21,11,2020-02-15
15,20,12,2020-02-16
16,19,14,2020-02-17
17,19,11,2020-02-18
18,17,10,2020-02-19
19,19,11,2020-02-20
20,20,10,2020-02-21
21,17,12,2020-02-22
22,18,11,2020-02-23
23,16,10,2020-02-24
24,20,11,2020-02-25
25,22,12,2020-02-26
26,25,13,2020-02-27
27,26,16,2020-02-28
28,21,14,2020-02-29
29,19,12,2020-03-01
30,20,11,2020-03-02
31,23,11,2020-03-03
32,26,11,2020-03-04
33,26,19,2020-03-05
34,20,15,2020-03-06
35,22,13,2020-03-07
36,25,12,2020-03-08
37,30,15,2020-03-09
38,21,12,2020-03-10
39,23,13,2020-03-11
40,17,13,2020-03-12
41,18,13,2020-03-13
42,22,16,2020-03-14
43,24,15,2020-03-15
44,26,15,2020-03-16
45,18,12,2020-03-17
46,19,11,2020-03-18
47,19,12,2020-03-19
48,17,10,2020-03-20
49,19,10,2020-03-21
50,22,13,2020-03-22
51,29,15,2020-03-23
52,28,13,2020-03-24
53,25,17,2020-03-25
54,26,17,2020-03-26
55,23,15,2020-03-27
56,22,14,2020-03-28
57,23,12,2020-03-29
58,24,12,2020-03-30
59,24,13,2020-03-31
60,24,14,2020-04-01
61,23,10,2020-04-02
62,24,10,2020-04-03
63,24,10,2020-04-04
64,25,10,2020-04-05
65,26,11,2020-04-06
66,29,12,2020-04-07
67,25,11,2020-04-08
68,26,14,2020-04-09
69,30,12,2020-04-10
70,29,12,2020-04-11
71,26,11,2020-04-12
72,26,12,2020-04-13
73,28,14,2020-04-14
74,30,12,2020-04-15
75,28,15,2020-04-16
76,30,14,2020-04-17
77,31,15,2020-04-18
78,31,16,2020-04-19
79,32,16,2020-04-20
80,32,15,2020-04-21
81,32,15,2020-04-22
82,31,16,2020-04-23
83,32,16,2020-04-24
84,31,16,2020-04-25
85,33,18,2020-04-26
86,33,17,2020-04-27
87,34,15,2020-04-28
88,30,13,2020-04-29
89,29,12,2020-04-30
